1;30.53;-19.98;-116.62;-19.79;73.01;130.5;39.28;130.44;47.14;1.98;65.15;-14.42;44.34;130.65;175.24;191.35
3;-58.67;46.48;-5.2;4.23;-7.57;-55.1;55.4;-49.82
5;75.78;72.49;68.05;66.71;65.33;28.11;1.1;-0.17;-21.06;-26.34;-31.32;-35.8;-37.06;-37.15;-78.35;-93.17
7;25.23;86.37;-2.84;39.02;-42.86;31.39;73.24;143.04;198.72;214.04;297;383.01;291.22;335.52
9;-3.55;-35.7;-79.54;74.81;-4.3;-71.95;-11.71
11;-20.28;54.94;0.31;-0.93;-94.88;0.08;75.74;115.11;180.71;268.16;193.48;277.88;269.52
13;66.36;85.27;-8.11;-56.8;97.2;35.68;6.16;65.7;-22.7
15;-70.5;-50.35;-144.41;-103.91;-4.57;-64.06;22.76;68.31;100.2
17;12.42;-4.65;30.66;21.61;79.96;-19.18;-42.56;-58.6
19;68.73;-89.16;-68.3;-5.48;-33.89;-6.36;-73.17;-48.46;-72.4;-67.44;23.7;86.3
23;-46.42;13.99;64.98;28.02;-14.14;-23.13;-70.46;-18.15;-68.29;-6.63
25;-18.2;-8.5;-19.92;77.21;-5.94;48.53;21.58;35.97;89.64;78.55;-48.96;-1.73;49.4;38.73
27;89.29;32.3;-42.26;-44.2;45.82;-62.64;51.48;21.25;22.5;54.22;57.37;88.52
21;-19.27;42.99;-59.28;32.24;1.55;86.23;32;-42.43;-68.17;-46.29;44.41;-76.32;3.71;-2.59
31;98.79;82.71;49.3;30.52;14.07;10.57;-7.94;-32.12;-33.9;-35.23;-61.46;-62.12;-66.63;-67.72;-77.51;-88.24
29;64.54;36.71;26.78;-29.93;-31.68;-35.35;-55.92;-77.36;-78.97;-82.1;-88.67
33;-66.87;-95.26;25.33;-2.72;-38.79;-8.99;9.26;72.54;41.2;12.42;-79.42
35;1.15;-69.28;-67.76;-4.5;-95.96;-4.8;44.7
37;89.99;48.56;45.57;41.82;31.16;3.73;-11.86;-34.88;-44.84;-66.67;-96.64;-96.88
39;97.87;78.49;77.51;58.44;40.84;34.32;33.99;-19.56;-55.22;-58.9;-93.77;-94.01
41;73.45;-66.96;-78.78;-41.5;23.6;-57.54;-19.65;-71.1;94.84;3.29;12.82;86.61;23.27
43;58.19;44.79;39.33;31.95;25.87;-5.34;-7.3;-16.07;-33.21;-38.78;-45.41
45;95.81;88.75;88.56;67.51;36.88;-17.33;-32.35;-68.05;-85.28
47;-3.28;9.29;-64.38
49;50.47;29.44;23.11;19.33;16.1;15.01;5.5;-8.15;-25.4;-30.73;-34.58;-36.83;-85.12
51;-41.32;82.6;67.21;39.2;96.47;-29.29;-67.1;89.79;75.4
55;18.66;-71.2;-71.75;-4.57;-7.75;-9.82;-66.8;-45.72;-3.49;78.64;5.85
57;85.32;34.8;88.66;73.22;34.91;24.95;-89.88;-65.53;45.34;57.82;6.36
53;95.34;93.88;87.31;84.11;83.25;70.85;54.27;28.54;3.85;-17.87;-25.17;-46.38;-53.94;-61.83;-85.9
59;57.96;87.57;121.14;80.67;45.35;68.15;41.51;45.27;-16.47;-56.38
61;35.39;51.7;-95.72;15.65;-6.33;-54.94;36.51;-24.95;75.9;-52.51;85.38
63;84.55;69.47;60.97;50.92;48.53;47.38;43.68;10.91;9.59;0.8;-35.99;-49.59;-72.84;-88.13;-94.05
65;57.62;-78.82;36.99;-1.12;-6.45;-96.86
69;-30.65;-106.62;-20.05;-91.72;-26.69;-112.4;-75.3;11.27;49.32;-38.22;-73;-124.38;-75.54;-86.66;-179.88;-117.25
67;99.58;93.54;88.28;79.36;64.91;45.42;21.56;-14.05;-15.31;-16.35;-26.57;-62.08;-71.29;-80.83;-82.15;-86.58
71;20.58;117.96;215.88;226.64;181.76;176.99;160.13;218.31;261.23;270.02;207.42;148.59;107.48;35.64;-27.11;-94.38
77;-34.13;57.85;35;90.02;112.11;159.89;228.78;184.01;231.03;159.27;94.38;44.2;25.23;58.74;146.35;162.35
75;56.73;-53.58;-78.76;-9.93;-64.26;-34.7;-95.7;92.21
73;-86.5;-8.25;-64.84;62.48;45.75;-42.52;81.8;9.78;44.68;57.22;-87.81;9.71;-18.44;-88.9
79;84.17;-10.17;-98.37;-25.17;69.03;134.24;68.6;21.72;58.66
83;-12.45;28.76;34.49;-33.99;62.46;-13.25;92.26;-52.28;19.48
81;23.35;8.6;63.4;-85.96;27.13;-25.58;9.6;64.81;81.31;62.3;6.23;6.82;-39.8;31.26;42.41;4.6
85;94.78;90.76;66.31;54.67;51.72;14.3;0.62;-5.75;-6.82;-16.11;-51.36;-55.72;-63.62;-95.74
89;90.99;17.07;28.02;50.31;134.64;170.67;166.36;212.67;304.11;255.85;212.79
91;99.9;95.68;79.32;48.96;34.63;21.51;4.62;-1.5;-43.97;-51.13;-82.11;-82.76;-99.72
87;-96.7;-73.4;-13.1;27.96;3.59;97.4;-9.72;53.32;-57.72;-74.9;-17.12;25.5;55.52;-17.38;82.67;-72
93;99.96;55.83;43.45;20.79;18.05;0.63;-22.7;-55.82;-59.66;-64.29;-89.2
95;-94.86;-57.17;81.17;47.5;-19.2;-5.53;-1.68;78.86;-6.4;-46.61
101;-23.05;-23.71;-11.75;6.22;-25.41;-13.28;-43.17;52.89
99;-83.56;94.67;92.75;85.98;79.63;-98.45;88.1;46.79;-96.17;89.69
103;-68.66;65.33;-12.7;-36.35;36.79;-84.28;39.8;-63.44;9.7;-28.2;36.79;4.74;-45.67
105;52.9;38.7
107;-26.41;-14.51;-95.72;-64.55;-5.96;71.43;139.11;47.35;74.74;-19.22;53.92;-10.02;18.87;31.96
109;99.5;-36.35;-94.12;94.97;-7.96;64.91;89.24;-18.25;-92.65;-86.3;1.78
97;56.25;92.34;44.81;-35.11;-68.86;-36.1;99.25;-39.96;45.67;-96.65;11.86;89.21;99.76
111;88.27;81.14;-22;9.26;16.1;-11.9
115;98.56;156.58;192.04;290.87;242.51;158.68;139.06;59.82;66.25;26.14;94.41;7.58;-14.17
119;85.6;-5.87;-18.74;-66.73;-74.69;68.26;-64.97;63.73;64.7;-69.81;-88.6;32.21;27.68;33.24;-5.25
117;-19.4;-34.98;-6.65;6.2;33.12;-38.1;7.6;-17.58;72.4;7.67;-58.1;99.59;-85.22;71.24;-63.45
113;-99.98;0.24;11.95;-55.58;-89.42;-46.69;-57.23;89.39;-3.87;-5.76;2.77;4.23;62.4111;1;-13.18;33.74;-98.12;-16.17;23.63;12.2;-11.81;4.66;-5.98;-4.78;5.58;0.99;-45.19;57.82;73.29
121;-59.19;-91.89;-102.71;-97;-159.6;-107.53;-65.56;-113.33;-21.26;-112.45;-154.18;-179.63
123;-20.75;-21.52;-92.07;-7.23;78.19;-8.59;-107.95;-100.56;-25.03;-33.08;14.33;24.94
125;80.17;157.32;208.76;296.55;221.36;136.06;216.05;295.45;201.03;224.27;298.47;227.79;174.9;117.69;199.58;186.83
127;-12.97;-12.21;13.54;-58.62;21.02;-73.95;-55.28;-48.16;48.94;113.72;168.18;191.56;232.46;303.06
129;-36.8;-135.29;-156.28;-180.46;-197.75;-141.63;-100.2;-82.89;-181.35;-278.92;-375.63;-378.22;-413.54
131;74.19;73.34;68.39;59.55;50.79;44.68;9.55;-0.13;-7.91;-14.02;-26.67;-65.33;-74.18
133;86.57;58.33;28.53;24.49;6.38;3.59;-45.06;-59.57;-67.25;-74.83;-81.41;-89.08
135;71.38;22.34;19.85;7.38;-22.66;-29.51;-40.54;-80.23;-85.99
137;77.98;149.82;141.19;64.56;-11.64;-9.59;52.43;135.9
139;66.18;63.2;10.57;5.7;-24.26;-24.84;-30.65;-38.16;-41.27;-43.69;-47.5;-59.25;-63.14;-66.04;-67.18;-71.36
141;99.59;78.92;70.8;59.26;47.87;47.29;38.28;9.33;8.09;-13.98;-28.78;-32.97;-41.19;-69.72;-81.29;-85
147;87.28;55.96;54.01;43.66;32.97;28.45;-17.94;-25.63
143;65.43;-84.37;33.7;97.17;-61.3;-68.6;-52.7;-49.54;-13.15;63.11;68.29;93.67;-3.2;41.95;93.87;-7.5
145;74.95;47.78;87.44;-3.92;-71.42;4.33;-95.79;-96.59;-63.47;0.91
149;38.15;87.6;-99.97;96.16;25.92;-17.67;-3.3;-48.82
155;46.96;111.37;89.91;58.54;29.29;24.96;98.85;94.42;152.32;235.09
153;30.41;39;107.34;86.24;144.1;51.29;130.89;59.16;148.34;207.55;254.98;268.4;240.08;310.06;259.83;346.62
151;-43.81;44.63;7.76;75.54;-3.64;17.4;77.62;0;64.81;-63.41;76.63
161;76.22;49.45;46.86;41.63;34.81;33.52;10.67;5.45;-55.45;-60.19;-66.04;-71.77;-76.5;-85.08
163;37.66;21.99;19.66;74.68;139.84;238.98;147.38;52.77;12.34;111.04;95.46;7.55;54.21
157;-55.24;85.58;37.3;-81.32;-8.32;-46.71;-1;-77.2;-86.19;-85.88;3.19;98.21;53.1;-88.79;-59.44;26.3
159;74.43;22.91;1.2;53.8;34.2;84.1;23.78;63.36;-36.48;52.18;-12.16;92.88;29.76;85.46;78.7
165;7.89;4.71;-47.98;-139.91;-42.99;24.66;110.38;111.5;82.67;61.71;123.97
167;-97;-187.47;-134.85;-107.51;-206.02;-180.23;-260.09;-318.13;-335.5;-314.96;-412.38;-438.67;-513.64
171;-6.6;7.64;7.12;-76.48;42.61;21.4;59;14.48;-51.67
173;93.65;64.22;43.15;31.6;22.71;22.68;2.77;-9.24;-37.02;-50.71;-56.81;-67.96;-80.76
169;2.28;43.96;-24.3;67.16;2.67;-9.8;95.4;-74.3;9.74;97.2;78.54;63.77;69.53;16.53
175;95.8;44.1;34.92;13.72;-29.06;-32.02;-33.63;-36.84;-78.98
179;-36.02;42.18;134.23;138.45;121.23;219.01;134.98;96.54;164.63;87.56;50.01;-39.95;-7.5;62.63
181;-19.3;-97.39;-27.34;-77.25;-83.32;-30.56;-112.05;-43.48;-132.93;-106.66;-93.42;-50.47;12.2;-62.85;24.79
177;6.8;-47.96;-9.31;76.78;-4.41;-86.67;-13.13;-18.67;-49.92
183;95.19;88.09;81.15;51.35;45.58;28.64;17.21;-7.71;-58.68;-60.09;-66.26;-66.29;-78.55
185;36.27;94.53;9.71;-28.14;-68.55;14.4;-92.84;-35.53;-32.9;-54.77;81.16;51.66;-33.99;-27.62;-53.91
187;-36.19;-88.1;-53.79;53.45;4.4;39.46;33.3;-19.98
189;-95.65;33.75;-35.41;-72.68;-74.24;82.32;-88.16;6.22;-76.22;-72.93;21.7;79.25;79.86;68.66
191;-0.59;-51.94;-12.85;-41.26;-17.93;-40.48;43.22;133.44;123.26;102.95;170.97;239.5;294.53;287.03;201.59
193;-36.35;15.32;85.66;183.86;177.4;87.52;172.13;259.52;305.46;356.09;355.49;373.39;412.95;462.75
197;-39.15;1.9;-78.66;7.22;23.69;57.34;-46.31;23
195;-66.4;59.43;-16.11;47.65;-95.75;-55.92;46.4;92.92
201;-61.27;-47.68;-96.8;7.13
199;53.21;16.26;84.98;64.22;42.38;46.33;28.78;1.97;6.01;25.01;74.47;51.62;54.81
205;97.65;-6.14;-1.23;-31.49;-84.82;-22.42;52.66;6.8;-49.6;76.55
203;-85.64;-56.79;-107.99;-195.38;-166.46;-139.33;-53.7;-76.59;-48.3;26.65;-40.7
207;-79.25;-14.2;59.61;-88.9;-45;22.45;-87.79;8.18;38.56;56.62;-55.31;-29.52;18.43;88.66;-6.47
209;-31.82;74.29;98.97;-82.27;-58.53;-82.55;8.77;-64.29;-99.63
211;-91.98;2.62;86.14;-87.35;15.65;-12.8
215;-8.62;-32.44;84.59;-66.67;14.45;3.43;99.4;13.5;-41.68;6.97
217;15.81;63.53;-48.47;98.92;7.92;59.85
213;84;25.98;-29.38;32.91;-58.6;-62.37;-59.77;-91.75
219;-73.02;-61.78;-19.96;-98.39;-1.29;-101.2;-88.35;-83.4;-120.3;-64.08;-91.3
221;-95.77;47.21;-61.14;82.82;89.65;-23.4;84.77;79.27;-17.36;39.8;35.67;-54.45
223;-14.29;68.62;35.46;-57.69;-26.1;-79.95;-131.11;-205.14;-112.35;-21.77;-116.51;-109.92;-107.08;-94.16;-33.35;58.86
227;-1.3;66.7;92.81;43.62;46.83;-84.19;-69.54;-84.9;-51;-8.69;-18.86;-63.87;95.85
229;11.44;9.31;-14.17;19.56;13.66;55.42;85.89;-41.75;98.39;93.88
231;98.07;91.99;74.4;69.38;29.98;26.32;10.18;8.45;-58.03;-63.16;-76.78;-79.04
225;-7.33;46.36;32.11;5.65;-15.56;-6.17;5.67;-1.26;-42.66;6.48;0.37;8.72;53.67;-28.95
233;-85.59;-146.28;-191.07;-131.05;-31.26;-109.75;-39.67;-20.45;-23.65;-27.65
237;99.04;69.09;62.5;57.03;54.43;3.73;-6.01;-8.48;-10.41;-19.64;-44.33;-56.57;-97.11
235;17.7;-67.1;13.82;-43.89;-32.9;16.98;-92.68;62.37;-27.12;-83.73;-33.26
239;36.25;126.14;98.75;43.32;14.79;14.08;49.62;140.65;172.1;114.41;192.77;94.16;33.18;50.72
241;98.37;91.41;91.21;33.32;4.25;-2.22;-17.61;-20.47;-24.16;-58.55
243;98.2;7.56;-96.23;-87.74;-45.85;-34.55;-96.79;84.69;-96.55;65.93;16.67;-56.7;16.51;88.61;85.66
247;88.1;67.34;63.44;62.21;5;3.93;-24.55;-78.02
251;-6.84;24.84
249;18.2;15.32;88.76;-19.35;-32.1;-79.76;-73.25;-36.9;27.32;91.92;26.58;-46.12;21.19;5.14
253;-72.1;71.76;-69.82;-9.55;-36.82;12.14;-82.34;83.87;0.79
255;-79.19;-110.83;-36.23;-39.92;-104.28;-57.23;-49.88;-27.05;68.25;130.49;66.27;82.45
257;-19.46;-64.38;-6.85;-25.49;41.14;-48.5;-110.54;-168.69;-231.68;-292.31
259;92.15;87.3;48.05;44.05;29.78;11.53;-18.84;-95.25;-99.12
261;66.07;-4.91;61.04;34.16;-57.84;-21.67;49.22;52.72;39.88
245;-45.86;-56.76;-99.98;-198.89;-202.41;-196.69;-99.91;-34.17;62.65;-30.17;-65.73;-119.34;-99.72;-186.49
263;-6.26;-45.35;-22.64;-67.6;-93.52;-42.42;25.93;-77.34;88.14;-47.32;-66.49;4.31;-93.26
265;42.35;86.49;-9.44;6.92;49.53;84.84;3.58;-92.66;23.52;87.38;28.94
269;57.18;41.96;83.69;-85.19;-58.14;-75.59;9.14;85.39;83.44;14.16
267;94.3;99.86;-89.2;-31.8;-33.6;24.79;83.2;-14.49;-72.99;69.25;83.19
273;64.1;-89.1
271;-75.96;-5.81;81.86;45;-7.7;-78.35;61.93;-43.24;-7.79;71.63;-27.37;-19.74;-45.16;-16.71
275;93.96;92.59;51.21;46.5;46.03;30.73;26.95;14.07;-31.43;-35.16;-64;-64.5;-70.95;-80
277;91.06;77.98;75.42;70.74;63.97;56.07;26.15;20.88;17.91;5.5;-10.71;-23.5;-59.5
279;93.91;89.53;64.03;21.05;7.32;-0.71;-21.62;-29.59;-85.91
281;-95.33;-192.37;-289.17;-317.75;-365.36;-381.25;-285.77;-331.54
285;-42.8;8.83;100.94;197.99;254.75;220.99;316.55;255.38
283;37.83;16.53;58.53;53.3;-93.89;7.4;3.9;-7.91;-85.95;-93.13
287;31.73;-64.28;-87.88;-6.51;38.09;-1.94;23.96;117.04;186.02;253.64;305.56;265.92;297.14
291;99.93;86.33;75.82;64.25;59.44;27.4;-9.42;-14.29;-17.46;-25.48;-37.46;-43.29;-55.41;-57.98
293;85.84;175.2;259.7;346.01;285.38;360.77;454.57;446.74;393.93
289;-62.59;17.47;-8;51.94;2.18;18.63
297;76.1;12.9;-65.12;-94.7;-37.24;-59.75
299;48.3;-42.18;56.81
295;-89.93;-7.9;-15.7;25.38;-64.51;59.64;-14.74;-34.7;94.56;-69.23;-36.67;23.79;96.27
303;45.71;-35.2;-134.33;-78.23;-108.06;-29.98;-97.45;-131.9;-219.34;-239.06;-204.01;-274.51;-229.42;-245.51
305;91.82;84.44;75.2;74.28;67.12;25.45;-26.97;-50.5;-52.65;-61.82;-65.7;-74.46;-94.57
301;-69.4;39.69;36.62;33.64;1.61;-7.69;5.58;94.2;-94.95;67.56;-1.82;-67.77;-82.99
307;97.33;144.91;95.31;12.89;-65.15;-108.09;-165.72;-149.23;-172.97;-195.05;-205.68
309;45.82;20.17;-51.88;34.14;64.77;63.68;80.94;95.24;113.73;208.9;221.42;164.2;132.68;213.38;217.31;251.18
311;-62.85;-72.85;-137.21;-136.77;-158.77;-249.12;-207.79;-142.94
313;-86.4;-92.67;-73.89;86.58
315;-89.39;-51.83;2.11;16.31;88.41;-55.86;18.7;-38.29;-4.35;97.15;-19.9;-88.28
319;-80.55;2.39;96;138.13;118.46;47.09;-46.72;-3.74;-20.13;-48.59;17.06;7.96;-48.25;-56.24;-45.66;14.98
321;91.13;71.83;53.09;50.88;47.85;36.05;18.02;-9.16;-17.66;-52.15;-52.77;-87.36;-94.24
317;7.33;62.46;65.27;8.95;7.48;8.9;88.37;8.36;82.25;5.97;91.44;-1.86;93.26;-72.95;18.43;73.95
325;-63.8;41.48;79.98;-18.52;58.2;-84.95;-9.65;1.95
323;-36.51;17.5;25.93;-4;-43.47;-76.36;8.87;95.62;-13.93
327;-36.4;-16.57;-92.53;-3.99;33.56;76.21;18.72;14.2;-25.16;95.38;-44.33;4.87;76.53;18.2;-61.25
331;98.84;80.2;58.12;40.55;30.81;-17.59;-24.02;-25.66;-27.7;-38.01
333;43.48;14.41;-2.17;-13.39;-30.58;34.66;74.65;66.44;84.74;173.49
329;7.85;68.84;79.91;-46.7;-13.59;-3.28;5.74;-36.23;-53.45
