2;80.04;73.56;62.98;32.51;25.22;17.23;-1.82;-4.18;-7.88;-12.41;-42.74;-50.28;-52.76;-86.9;-87.15
4;6.42;36.39;-4.26;-63.15;-92.28;92.33;81.35;39.98;2.81;32.94;-97.7;-73.89;19.33;26.71;22.57
6;-61.27;-144.51;-94.74;-92.31;-159.2;-188.48;-263.24;-300.92;-249.89;-238.16;-285.34;-289.28;-260.36;-306.61
8;75.31;53.31;51.3;48.09;47.64;32.83;26.64;-31.77;-60.68;-72.85
10;98.14;120.39;79.55;49.82;115.04;20.9;-47.74;-73.16;13.04;44.93;11.65
12;94.55;83.3;81.51;42.8;14.16;-10.76;-16.2;-31.39;-42.11;-57;-87.49;-88.92;-96.44
14;92.06;86.41;72.28;70.69;50.43;43.41;41;30.21;16.7;-29.99;-43.44;-45.28;-63.72;-69.49
16;98.87;78.65;37.04;-2.36;-10.11;-12.83;-14.92;-40.36;-41.89
18;-16.05;-27.93;54.37;65.17;149.86;247.33;271.44;200.64;239.5;324.33;422.8;342.87
20;-49.41;-67.56;-44.68;14.82;88.83;-32.18;48.36;-2.99;34.95;-9.94
22;52.9;74.9;-19.82;68.82;7.45;-3.5;42.41;121.59;159.19;192.87
24;52.33;9.87;3.66;-81.24;-62.6;13.28;-1.28;-55.61;-2.9;63.3;61.3;-32.52
26;30.23;14.46;-19.59;-23.35;-43.71;-47.05;-73.07;-83.36;-87.8;-91.31;-95.01
28;-54.16;99.1;96.5;5.79;-52.24;-1.72;-28.44;-6.64;-31.16;-39.17;-9.45;41.33;15.42;-58.6;-5.78;-99.58
30;88.97;39.93;21.96;23.82;96.49;67.45;166.12;216.71;253.18;163.94;136.95;155.64;245.73;181.86
34;-15.44;-42.83;-29.13;-85.84;42.23;44.69;65.55;41.1;33.97;-5.77;61.39;-0.82;-72.2;58.8;-71.26
36;98.06;10.54;5.25;-9.24;-30.86;-65.87;-69.35;-75.16;-90.37;-98.84
38;-37.46;-61.04;-96.08;-97.37;-65.76;-165.26;-189.92;-94.87;-108.58;-135.35;-157.52;-212.81;-144.14;-135.97;-77.11
32;59.79;22.64;87.97;-2.72;9.43;46.89;-58.33;-69.64;67.38;-4.75;1.74;45.9;26.51;-46.58;13.34;-97.4
40;86.81;72.62;70.29;69.05;61.69;57.24;51.18;45.23;13.61;-17.58;-18.61;-21.91;-29.41;-55.01
42;-35.17;-57.47;78.67;67.98;-5.3;67.87;2.25;56.72;48.49;46.37;-2.82;46.6;32.61
46;44.47;85.64
48;97.09;58.97;48.01;36.39;19.88;1.64;-14.73;-34.37;-46.48;-62.5;-76.08;-87.39;-97.25
44;-37.62;7.86;16.63;-98.2;71.25;-43.33
50;-51.69;-8.4;64.73;39.49;-75.81;3.84;94.86;-84.2;25.85;67.47;8.7;56.39;-7.66
52;81.44;-1.7;53.39;97.15;182.21;254.8;337.56;409.94;441.29
54;-35.79;-74.69;-122.43;-89.83;-105.16;-52.77;32.83;35.64;91.44;1.65;96.86;177.97;116.06;54.39;132.48;185.97
56;74.13;-52.13;27;27.28;-55.95;-68.52
58;88.17;64.22;52.48;28.16;19.98;11.36;0.51;-15.72;-25.91;-47.56;-50.32;-81.87;-86.66;-89.86
62;-50.73;26.82;-17.81;-31.67;17.37;-57.64;-85.37;-124.07;-183.86;-148.74;-102;-91.59;-95.62;-23.97;8.3
64;53.91;39.87;3.19;-1.94;-40.18;-56;-57.37;-63.65;-92.81
66;99.3;63.5;60.06;55.07;49.22;9.79;-4.78;-24.77;-45.21;-52.77;-89.34;-91.38;-99.67
72;96.22;87.28;83.47;83.38;76.93;74.75;17.91;-5.24;-14.47;-21.34;-25.3;-29.92;-70.66;-80.81;-91.25;-94.49
68;-62.73;-12.51;-3.64;88.19;-94.33;97.5;-1.59;-67.54;-91;25.32;-8.62;9.45
60;9.52;13.68;-35.5;48.66;37.24;42.47;82.27;83.82;-39.8;-56.35;-79.1;96.42;7.86
74;66.5;55.63;52.18;14.68;24.06;-24.8;60.3;42.16;39.85;17.76;55.58;23.57;-30.96
76;62.4;59.81;-7.35;24.68;-52.94;-60.4;-51.24;-52.6;26.71;16.46;74.48;56.14;-31.69
78;-25.4;78.33;71.18;-1.97;2.9;-66.15;-73.42
70;18.69;65.15;100.81;149.88;236.07;333.12;288.55;358;330.5;362.58;357.79;330.76;304.93;364.38;377.81
84;88.92;88.79;80.78;76.4;49.04;48.17;41.94;29.55;1.35;-5.39;-6.19;-8.29;-70.85;-77.9;-79.8;-84.27
82;96.36;52.18;-78.14;16.47;-1.93;27.12;34.81;63.44;-95.1;-99.13;-76.39;-61.6;52.45;-88.55
86;56.18;153.57;221.31;312.01;342.65;336.88;267.87;236.48;307.18;302.35;204.46;196.33;256.23;238.77;188.6
88;79.8;39.09;124.05;37.01;-6.52;37.91;91.69;4.72;-74.66;-32.92
90;-50.39;-31.17;-114.47;-127.65;-96.94;-74.86;-54.8;-138.75;-168.28;-142.68
92;6.32;-22.59;15.72;-67.89;-137.3;-37.54;-52.89;-123.53;-188.34;-171.52;-181.44;-161.94;-254.8;-319.23;-329.49;-386.81
94;97.63;92.08;79.21;68.06;50.45;6.18;-17.98;-30.29;-50.51;-55.07;-80.75
80;-59.17;-97.27;91.69;29.3;-99.86;-89.72;75.26;67.52;57.47
96;27.47;9.5;26.9;1.36;18.83;-47.7;-2.39;57.53;-96.9;-92.8
98;-59.4;45.79;-81.18;-83.4;88.3;-13.14;3.71;-32.63;-67.51;-83.23;-33.59;-73.73;-4.3;67.2
102;61.64;57.11;49.24;45.54;31.48;21.49;-3.09;-6.36;-16.38;-17.38;-51.48;-60.83;-65.97;-92.8;-95.31;-96.36
100;7.39;-8.57;77.21;-5.5;77.58;-15.47;86.67;22.4;-5;-91.97;1.99;-97.85;21.29
104;99.83;99.65;81.82;72.19;63.21;53.48;23.85;22.49;14.04;-32.07;-51.95;-59.57;-66.61;-67.37;-84.88;-96.22
106;-65.49;26.9;-27.83;35.1;-58.44;-11.63;-82.8;-5.22;-83.73;-64.75;28.6;-58.58
108;-55.73;-2.8;-89.63;-6.46;-12.32;-11.61;-72;7.48;-74.21;-84.89;36.19;-96.5;52.58
110;-1.8;46.17;86.42;-35.86;-3.42;-19.85;74.96;2.43;-53.39;3.12;-12.58;-9.14;84.17;-45.89
118;-64.57;-58.05;-73.01;-125.29;-99.97;-112.15;-187.27;-260.62;-252.87;-349.2;-315.32;-398.97;-492.46;-576.41;-504.53
116;94.48;69.27;-2.2;-82.38;-41.24;0.84;-44.92;16.35;-49.31;-77.72;-44.33;53.48;61.36
112;-51.51;-8.94;-87.61;53.4;88.4;-68.81;31.4;-88.42;-83.53;-59.33
120;-23.58;59.98;82.16;65.67
124;-67.21;-163.32;-148.5;-86.69;-165.01;-219.95;-286.59;-310.06
126;-32.95;12.88;3.79;29.81;33.88;24.9;59.19;84.97
122;24.7;-2.3;-28.19;24;29.6;-6.4;44.65;19.24;-8.14;-3.71;18.2;96.27;-79.3;-79.39
130;-3.59;91.47;9.77
132;-94.25;-26;-11.83;53.99;-33.88;-64.67;-100.56;-155.08;-57.04;-46.12;15.07;-66.91;-137.95;-93.31
128;4.82;-21.97;-78.42;41.78;98.76;-41.28;-37.54;49.85;81.41;-77.74;-65.77;-0.18;61.82;17.12;22.94
136;82.59;89.54
138;98.6;25.6;10.88;9.39;9.28;-7.75;-40.72;-41.21;-44.42;-55.67;-63.86;-74.29;-77.96;-84.03
134;-5.82;-4.42;-22.83;63.8;-64.38;42.32;52.56;57.7;-76.94;-1.69;-41.77;6.35
142;99.51;93.9;93.89;61.67;39.4;21.95;19.33;-17.05;-89.79
140;-33.41;18.44;35.15;69.53;12.79;52.36;-17.43;62.68
144;74.51;50.12;45.1;44.33;35.21;31.99;23.61;22.61;18.95;15.42;-2.97;-18.51;-53.39;-56.66;-79.21
148;17.68;78.65;12.52;-58.92;49.26;-3.82;-79.5;-67.92;-99.6;8.64;-54.78;-42.52;46.49;-79.56
146;47.34;-59.4;-29.81;-35.21;91.51;-11.2;24.92;-52.6;88.43;3.5;-87.31;6.68;-85.55
152;90.85;85.43;82.38;75.35;69.94;60.72;52.72;41.29;24.38;-12.82;-14.87;-47.24;-73.97
154;5.57;-3.69;2.26;34.39;-56.57
150;-13.19;-98.8;43.76;-37.66;46.87;1.73;24.32;39.32;-47.13;-54.68;96.92;-6.18;2
156;65.87;-68.13;-2.1;62.68;-34.36;-7.62;1.25;3.57;-76.26;-88.13;1.7;73.13
158;-75.19;-91.1;-31.72;-57.33;-96.22;-43.16;10.69;75.54
162;95.66;50.02;43.03;25.85;25.08;-1.98;-24.62;-25.43;-29.55;-41.46;-47.63;-48.99;-61.81;-76.71;-83.29
160;32.8;62.2;-3.26;-74.46;-86.47;-68.19;33.57;25.99;43.35
164;-46.19;61.35;94.11;58.57
166;-29.75;17.11;85.43;95.2;-7.97;33.78
170;54.18;79.22;-79.99;89.62;-74.29;38.76;54.39
168;-54.3;46.45;28.37;-6.7;-85.57;-58.42;-79.83;-81.6;-73.19;0.28
172;86.23;59.33;24.53;19.58;5.28;1.26;-30.81;-62.8;-63.41;-66.95;-70.89;-93.09;-93.81
176;-50.37;35.94;77.51;9.92;-56.99;-131.83;-213.44;-155.06;-239.87;-330.81;-426.99;-508.45;-420.74;-450.34;-391.65
174;-55.5;1.89;-44.27;-48.46;-42.24;44.61;-8.75;52.41;-29.88;89.6;-0.93;28.23;3.48;-83.46
182;-6.73;-52.5;-27.58;-6.19;-66.79;-66.83;67.51;-22.4;-93.32
178;31.49;39.74;16.51;-51.79
180;-96.63;9.81;26.67;-19.86;-47.74;-16.62;-81.66;14.65;-16.97;-64.83;-22.53;-8.4;5.49
184;17.56;-0.11;-28.98;-101.84;-43.95;-53.72;20.81;-75.08;7.97;90.1;179.47
190;80.62;73.88;65.04;-11.86;-13.02;-41.88;-43.27;-50.14;-64.05;-75.51;-84.68;-86.65
186;4.2;-17.64;63.62;82.13;23.13;-5.67;-6.43;31.1;52.54;-53.57;44.55;-99.97;-7.13
188;-1.26;96.36;98.81;-29.46;-88.89;27.29;16.49;49.4;62.6;48.39;22.71;-3.73;-59.89;9.1;-64.77;-7.9
192;-59.25;-48.5;-61.6;13.8;21.37;8.54;7.7;9.73;6.94;53.92;-15.6;4.25;31.55;-18.2;-3.89
198;94.25;81.46;62.49;48.22;44.34;23.87;13.15;-9.72;-20.02;-23.71;-41.02;-53.13;-61.21;-87.03;-94.46
194;6.13;-61.53;-58.78;-36.59;75.39;-48.63;25.62;82.13;2.47
196;-59.63;-3.18;-89.69;89.82;-83.34;-48.63;99.48;-55.24;-73.14
200;66.22;46.2;24.53;-29.55;-48.78;-52.8;-65.05;-71.99
202;-17.89;45.99;-30.09;8.51;55.07;25;17.04;51.88;84.6;126.32;211.62;129.14;30.04;59.61
204;99.21;26.59;-64.79;-124.5;-165.04;-148.12;-113.14;-73.64
206;82.25;101.37;45.76;-52.43;-115.7;-16.79;32.62;-56.96;-64.67;-55.84;-114.48;-90.37;-149.08;-170.91;-152.82
208;45.72;-51.65;-58.52;27.6;-27.85;62.5;-15.48;92.57;63;-1.51;57.83;-26.4;67.18;78;64.43;-8.96
210;19.23;-15.28;-15.75;-26.87;-31.1;-51.42;-53.07;-66.07;-89.41;-89.64;-91.22
214;-85.4;-9.1;-79.48;-6.58;27.67;-88.92;4.43;-94.49;-14.54;-43.82;41.41;-56.52;67.49;-55.85;39.22;-34.76
216;59.67;-2.36;-101.63;-89.21;-171.64;-266.91;-224.92;-192.86;-105.9
218;13.1;-26.26;-75.23;69.85;-57.5;11.59;-93.4;-11.66;-55.94;94.7;83.45;-73.77;85.23;-25.35;-36.53
220;70.45;44.25;43.79;19.71;-40.07;-65.7;-81.47;-88.53
212;-36.6;7.65;-22.4;3.78;-59.54;-53.53;72.62;84.45;-18.7;69.88;21.25;24.38;-34.15
222;76.93;37.44;-1.76;-17.43;-40.18;-48.43;-69.01;-87.29;-88.08;-94.61
224;99.55;72.62;70.71;64.71;62.8;46.85;40.01;31.72;30.9;28.48;-61.67;-74.54;-79.3;-80.58;-83.31
226;4.32;-65.97;-37.65;-66.41;5.21;-8.68;31.37;20.22;62.82;22.3;-53.76;27.8
228;-34.78;97.75;11.38;96.82;93.7;-51.58;26.89;-2.27;-9.35;-96.65
230;-85.5;-46.61;-88;-38.96;-19.44;98.47
232;-56.97;95.46;3.56
234;-88.41;3.7;-67.3
236;75.52;82.14;170.77;264.16;316.33;291.08;236.37;153.87;232.01;240.5
238;-57.58;-98.5;-148.78;-229.11;-265.12;-215.49;-274.82;-174.85
242;93.78;67.14;42.38;-1.64;-22.13;-24.08;-46.08;-49.12
240;55;29.28;8.44;49.9;1.77;63.27;0.63;-4.78;22.91;-29.73;28.15;-18.94
246;-0.4;13.12;0.76
248;86.91;82.89;75;66.39;64.4;24.69;-8.82;-9.35;-17.43;-18.12;-82.66;-86.08
250;-72.92;67.92;-23.3;98.65;9.34;11.53;-54;3.19;85.18;93.1;-1.29;56.17;-69.69;-88.3
244;70.53;44.57;40.35;-11.99;-30.76;-61.87;-69.45;-86.45;-96.59
252;-93.27;3.84;-81.63;53.65;79.56;-17.35;38.82;-64.5
254;96.14;-9.72;-1.24;-22;-81.95;88.8;1.6;7.64;78.1;-1.91;7.9;-56.32;15.64;-26.3;-56.84;73.25
256;71.34;-53.39;49.61;-5.95;49.64;-18.81;-21.47;2.5;5.94;8.62;96.49;88.37
260;19.18;6.51;-95.92;38.34;-29.22;-96.83;-19.3;25.95
258;77.69;53.92;4.16;-15.73;-25.08;-27.45;-48.19;-82.18;-84.7;-95.06
262;91.77;91.58;66.89;65.88;42.59;40.51;28.01;5.4;3.01;-16.21;-27.19;-28.37;-50.49;-59.76;-87.07;-99.48
264;-59.42;-75.9;4.32;-28.56;85.28;-25.73
266;-97.11;-81.54;-47.96;-45.59;-22.63;54.48;-6.41;-65.8
270;-13.44;-92.23;38.57;42.18;58.9;19.69;42.8;1
268;-3.42;76.1;-91.1;-9.47;4.9;-92.95;-53.14;51.49;2.8;7.61;-59.54;-25.69;-25.13;-18.24;-47.79
272;70.57;58.68;52.52;39.82;-6.77;-17.36;-23.15;-51.37;-55.17;-74.03;-76.34;-77.32;-78.74;-83.81
274;-44.33;-7.95;-42.64;-72.66;-98.96;-17.33;-92.68;-65.07
276;72.37;-11.5;-23.84;-33.58;-48.03;-48.21;-67.56;-69.9
278;-41.79;-139.03;-221.05;-155.27;-163.64;-101.33;-59.18;-52.91;-84.8;-67.96;-130.7;-195.02;-97.06;-58.06
282;63.82;47.63;29.54;10.53;-52.36;-54.65;-65.5;-67.94
284;-58.54;-55.02;-99.42;-113.6;-142.32;-89.08;-156.11;-229.78;-188.12;-95.03;-47.96;51.27;-13.35;-59.02
280;92.59;84.27;81.39;76.12;67.26;60.03;37.04;17.42;11.58;-17.01;-41.1;-43.07;-47.15;-48.93;-59.13
286;-21.72;18.97;-8.86;-97.17
288;77.15;67.26;64.96;61.33;54.37;51.82;39.01;33.36;32.94;20.11;9.63;-4.21;-11.68;-17.59;-77.88;-96.1
290;72.5;70.95;1.81;0.73;-19.32;-37.09;-37.11;-46.25;-80.15;-87.9;-94.67
294;99.79;93.03;69.25;62.41;50.85;41.9;16.5;-9.35;-23.59;-27.83;-73.27;-81.81;-86.53;-95.41
292;-49.8;-91.63;48.93;-4.17;68.66;-59.51;45.46;21.62;18.74;22.27;-49.83;93.48;-4.32
296;8.86;-53.6;-9.2;88.5;-11.3;-6.54;-15.16;51.24
298;13.11;26.6;-7.93;4.68;-81.79;78.53;-68.3;-81.73;-17.4;-2.35;-59.61;-92.97;45.25
300;-11.34;61.12;-26.88;-9.67;18.72;-34.23;-91.4;-13.5;8.59;95.34;-96.72;-62.4
304;88.53;82.15;75.06;74.46;42.88;34.19;-1.6;-13.03;-30.32;-55.7;-57.2;-59.4;-72.76;-84.29
302;-45.2;-66.7;-1.41;-4.11;-62.7;66.87;61.86;-52.42;67.85;37.35;28.86;16.88;79.34;2.2;59.78
306;96.27;86.82;84;81.32;76.01;65.26;57.11;21.64;16.2;-7.17;-20.4;-26.28;-38.03;-78.96;-89.16
308;2.5;-39.93;-52.85;-93.63;85.5
310;81.16;-54.4;94.81;84.57;36.19
312;34.69;4.21;-61.18;-93.14;15.36;-72.47;61.81
314;76.71;60;55.31;5.57;-1.1;-60.93;-68.62;-88.34
318;98.23;126.79;131.88;167.99;92.57;49.44;78.99;163.89;236.12;306.87;270.23;238.41
322;92.17;36.35;10.98;3.38;-7.45;-28.55;-37.78;-42.39;-50.88;-99.04
320;-14.32;-42.99;-65.63;5.61
324;57.6;-92.58;-92.73;91.79;-99.1;-77.85;-8.36;-66.76;-33.69;35.97;79.79;-27.2
326;-49.6;93.2;-42.28;94.18;-61.57;-94.55;-53.57;-46.55
328;1.9;1.57;-87.92;49.61;91.97;7.59;44.44;48.64;61.59;73.86;-78.87;-9.18;77.29;79.82;-29.94;8.61
316;58.8;4.27;5.92;76.4;55.37;61.6;92.65;86.12;94.94;12.66;67;-41.6;-36.51
330;-56.59;-42.99;95.47;-33.45;-72.75;-68.97;92.5;-54.51;-56;55.59;0.16;35.3;-91.2;-42.37;65.6;-25.2
332;-1.33;-94.21;-64.16;17.26;-93.4;-95.72;-47.49;11.1;27.26;-66.77;88.8;-54.63;-81.62;-34.27;2.6;73.66
