1|2|30.53|-50.51|-96.64|96.83|92.80|57.49|-91.22|91.16|-83.30|-45.16|63.17|-79.57|58.76|86.31|44.59|16.11
2|1|-42.74|-12.41|62.98|17.23|-52.76|-7.88|-50.28|25.22|73.56|-4.18|-1.82|-86.90|32.51|-87.15|80.04
3|3|-85.76|64.84|-50.20|4.32|-70.75|-55.10|55.04|-94.28
4|78|6.24|63.93|-40.62|-36.51|-29.82|29.33|18.53|93.89|20.18|23.49|-79.07|-37.98|91.33|62.17|22.75
5|1|-35.80|-37.06|1.10|-31.32|-21.06|66.71|-78.35|72.49|75.78|65.33|-0.17|-37.15|-26.34|-93.17|68.05|28.11
6|2|-61.27|-83.24|49.77|2.43|-66.89|-29.28|-74.76|-37.68|51.03|11.73|-47.18|-3.94|28.92|-46.25
7|2|25.23|61.14|-89.21|41.86|-81.88|74.25|41.85|69.80|55.68|15.32|82.96|86.01|-91.79|44.30
8|1|32.83|47.64|75.31|48.09|-31.77|51.30|26.64|-72.85|53.31|-60.68
9|15|-3.55|-53.07|-97.45|47.18|-40.03|-17.59|-11.17
10|2|98.14|22.25|-40.84|-29.73|65.22|-94.14|-68.64|-25.42|86.20|31.89|-33.28
11|2|-20.28|75.22|-54.63|-1.24|-93.95|94.96|75.66|39.37|65.60|87.45|-74.68|84.40|-8.36
12|1|83.30|-10.76|-31.39|-88.92|14.16|-96.44|-87.49|-16.20|81.51|-42.11|94.55|-57.00|42.80
13|3|66.63|58.72|-8.11|-65.08|79.02|53.86|60.61|56.70|-22.70
14|1|-45.28|43.41|86.41|-69.49|-29.99|70.69|-43.44|30.21|41.00|16.70|-63.72|72.28|92.06|50.43
15|2|-70.50|20.15|-94.06|40.50|99.34|-59.49|86.82|45.55|31.89
16|1|-41.89|-10.11|-12.83|-2.36|-40.36|-14.92|98.87|78.65|37.04
17|2|12.42|-17.07|35.31|-9.05|58.35|-99.14|-23.38|-16.04
18|2|-16.05|-11.88|82.30|10.80|84.69|97.47|24.11|-70.80|38.86|84.83|98.47|-79.93
19|3|86.37|-98.61|-86.03|-50.84|-33.98|-60.63|-37.71|-84.64|-27.04|-76.44|32.07|68.03
20|3|-94.14|-76.65|-44.86|41.28|88.38|-23.81|84.63|-2.99|43.59|-9.49
21|3|-91.72|24.99|-95.82|23.42|10.55|68.32|23.00|-24.34|-86.71|-64.92|44.14|-67.23|3.17|-2.95
22|2|52.90|22.00|-94.72|88.64|-61.37|-10.95|45.91|79.18|37.60|33.68
23|2|-46.42|60.41|50.99|-36.96|-42.16|-8.99|-47.33|52.31|-50.14|61.66
24|3|25.33|9.78|30.66|-18.42|-26.06|31.82|-10.82|-55.16|-2.90|36.30|16.03|-23.25
25|3|-81.02|-8.05|-91.29|77.12|-5.49|84.35|12.85|53.79|98.46|87.55|-84.69|-1.37|94.04|83.37
26|1|-23.35|-43.71|-19.59|30.23|-91.31|-95.01|-73.07|-83.36|-87.80|14.46|-47.05
27|3|98.92|23.03|-24.62|-44.02|54.28|-26.46|15.84|12.52|22.50|45.22|75.73|88.25
28|3|-45.61|99.10|69.50|50.97|-25.42|-1.27|-82.44|-60.46|-13.61|-93.71|-9.54|14.33|51.24|-85.06|-50.87|-99.85
29|1|-29.93|36.71|64.54|-77.36|26.78|-88.67|-78.97|-35.35|-31.68|-55.92|-82.10
30|2|88.97|-49.04|-17.97|1.86|72.67|-29.04|98.67|50.59|36.47|-89.24|-26.99|18.69|90.09|-63.87
31|1|-7.94|-77.51|-67.72|14.07|-62.12|-33.90|-61.46|82.71|30.52|98.79|-88.24|-66.63|10.57|49.30|-35.23|-32.12
32|5|95.97|22.46|78.79|-20.27|9.34|64.98|-85.33|-96.46|76.83|-40.57|10.47|54.90|62.15|-64.85|31.43|-79.04
33|3|-66.78|-59.62|52.33|-2.27|-83.97|-80.99|9.62|27.45|14.02|21.24|-97.24
34|3|-51.44|-24.38|-92.31|-58.48|24.32|44.96|56.55|14.01|33.79|-50.77|16.93|-0.28|-27.02|85.80|-17.62
35|82|1.51|-96.82|-76.67|-40.05|-59.69|-40.08|44.07
36|1|10.54|-69.35|5.25|98.06|-9.24|-90.37|-98.84|-30.86|-75.16|-65.87
37|1|-34.88|89.99|48.56|31.16|-11.86|45.57|-66.67|3.73|-44.84|-96.88|-96.64|41.82
38|2|-37.46|-23.58|-35.04|-1.29|31.61|-99.50|-24.66|95.05|-13.71|-26.77|-22.17|-55.29|68.67|8.17|58.86
39|1|77.51|33.99|-55.22|58.44|-19.56|97.87|-93.77|-58.90|-94.01|40.84|78.49|34.32
40|1|69.05|57.24|13.61|70.29|-29.41|-17.58|-55.01|51.18|61.69|-18.61|86.81|45.23|-21.91|72.62
41|3|37.54|-66.69|-87.87|-14.05|32.06|-75.45|-91.56|-17.01|49.48|30.92|21.28|68.16|32.72
42|5|-53.71|-75.74|87.76|76.89|-50.03|76.78|20.52|65.27|84.94|64.73|-2.28|64.60|23.16
43|1|31.95|-38.78|44.79|58.19|-33.21|-7.30|-5.34|39.33|-45.41|-16.07|25.87
44|46|-73.26|7.68|61.36|-89.20|17.52|-34.33
45|1|-85.28|88.56|95.81|36.88|-32.35|-68.05|67.51|-17.33|88.75
46|88|44.74|58.46
47|88|-30.82|9.92|-46.83
48|1|-46.48|48.01|97.09|-76.08|58.97|36.39|-62.50|-14.73|-97.25|19.88|1.64|-34.37|-87.39
49|1|50.47|23.11|-85.12|16.10|15.01|-30.73|-36.83|19.33|-34.58|-8.15|-25.40|5.50|29.44
50|3|-15.96|-8.04|46.37|93.94|-57.18|30.48|49.68|-48.20|52.58|76.74|80.70|65.93|-70.66
51|83|-14.23|28.06|76.12|93.20|69.74|-92.92|-76.01|98.97|57.40
52|2|81.44|-83.14|55.09|43.76|85.06|72.59|82.76|72.38|31.35
53|1|95.34|83.25|-53.94|-25.17|70.85|28.54|87.31|93.88|-61.83|-85.90|3.85|54.27|-46.38|-17.87|84.11
54|2|-35.79|-38.90|-47.74|32.60|-15.33|52.39|85.60|2.81|55.80|-89.79|95.21|81.11|-61.91|-61.67|78.09|53.49
55|91|81.66|-17.02|-17.57|-4.75|-7.57|-90.28|-66.80|-54.27|-30.94|87.46|50.58
56|22|47.31|-25.31|72.00|72.82|-55.59|-86.25
57|3|58.23|43.08|88.66|37.22|43.19|42.59|-98.88|-56.35|54.43|75.28|6.63
58|1|0.51|-15.72|52.48|-47.56|-89.86|-86.66|-50.32|88.17|19.98|-25.91|28.16|-81.87|11.36|64.22
59|2|57.96|29.61|33.57|-40.47|-35.32|22.80|-26.64|3.76|-61.74|-39.91
60|72|9.25|31.86|-53.05|84.66|73.42|24.74|28.72|38.28|-93.80|-65.53|-97.10|69.24|7.68
61|3|53.93|15.70|-59.27|51.56|-6.33|-45.49|63.15|-42.59|57.09|-25.15|58.83
62|2|-50.73|77.55|-44.63|-13.86|49.04|-75.01|-27.73|-38.70|-59.79|35.12|46.74|10.41|-4.03|71.65|32.27
63|1|84.55|60.97|0.80|-72.84|-88.13|43.68|9.59|69.47|-35.99|48.53|10.91|47.38|-94.05|-49.59|50.92
64|1|-40.18|-56.00|-63.65|-1.94|-57.37|-92.81|53.91|39.87|3.19
65|89|75.26|-87.28|63.99|-1.21|-60.54|-69.68
66|1|-24.77|60.06|-45.21|49.22|-89.34|9.79|55.07|-91.38|99.30|-4.78|-99.67|-52.77|63.50
67|1|99.58|-16.35|-14.05|-86.58|-62.08|64.91|93.54|88.28|79.36|-15.31|21.56|-26.57|-71.29|-80.83|45.42|-82.15
68|3|-26.37|-21.15|-30.46|88.91|-49.33|79.50|-10.95|-76.45|-19.00|52.23|-80.26|90.54
69|2|-30.65|-75.97|86.57|-71.67|65.03|-85.71|37.10|86.57|38.05|-87.54|-34.78|-51.38|48.84|-11.12|-93.22|62.63
70|2|18.69|46.46|35.66|49.07|86.19|97.05|-44.57|69.45|-27.50|32.08|-4.79|-27.03|-25.83|59.45|13.43
71|2|20.58|97.38|97.92|10.76|-44.88|-4.77|-16.86|58.18|42.92|8.79|-62.60|-58.83|-41.11|-71.84|-62.75|-67.27
72|1|96.22|87.28|-80.81|83.38|74.75|83.47|-5.24|-14.47|-70.66|-21.34|-91.25|-94.49|-29.92|-25.30|17.91|76.93
73|82|-68.50|-8.52|-46.48|26.84|54.57|-24.25|18.80|90.87|44.86|75.22|-78.18|9.17|-81.44|-88.09
74|2|66.50|-10.87|-3.45|-37.50|9.38|-48.86|85.10|-18.14|-2.31|-22.09|37.82|-32.01|-54.53
75|21|65.37|-35.85|-87.67|-90.39|-46.62|-43.07|-59.70|29.12
76|2|62.40|-2.59|-67.16|32.03|-77.62|-7.46|9.16|-1.36|79.31|-10.25|58.02|-18.34|-87.83
77|2|-34.13|91.98|-22.85|55.02|22.09|47.78|68.89|-44.77|47.02|-71.76|-64.89|-50.18|-18.97|33.51|87.61|16.00
78|44|-52.40|87.33|17.81|-10.79|2.09|-66.51|-37.24
79|2|84.17|-94.34|-88.20|73.20|94.20|65.21|-65.64|-46.88|36.94
80|3|-95.71|-79.72|19.96|92.03|-99.68|-98.27|57.62|76.25|75.74
81|12|32.53|8.06|36.04|-58.69|72.31|-52.85|9.06|46.18|18.13|26.03|60.32|6.28|-93.80|13.62|24.14|40.06
82|3|69.63|25.81|-87.41|61.74|-1.39|72.21|43.18|36.44|-59.01|-99.31|-67.93|-16.06|25.54|-88.55
83|3|-21.54|82.67|43.94|-33.99|26.64|-31.52|29.62|-25.82|91.84
84|1|29.55|-84.27|88.79|-77.90|48.17|-8.29|76.40|-5.39|49.04|-70.85|1.35|80.78|-6.19|-79.80|41.94|88.92
85|1|-51.36|-55.72|94.78|-95.74|54.67|14.30|51.72|-63.62|90.76|-5.75|66.31|-6.82|-16.11|0.62
86|2|56.18|97.39|67.74|90.70|30.64|-5.77|-69.01|-31.39|70.70|-4.83|-97.89|-8.13|59.90|-17.46|-50.17
87|94|-69.07|-37.40|-31.10|72.69|30.95|79.40|-90.27|35.23|-75.27|-47.09|-71.21|52.50|55.25|-71.83|28.76|-27.00
88|2|79.80|-40.71|84.96|-87.04|-43.53|44.43|53.78|-86.97|-79.38|41.74
89|2|90.99|-73.92|10.95|22.29|84.33|36.03|-4.31|46.31|91.44|-48.26|-43.06
90|2|-50.39|19.22|-83.30|-13.18|30.71|22.08|20.06|-83.95|-29.53|25.60
91|1|-43.97|79.32|99.90|-99.72|21.51|4.62|95.68|34.63|-82.11|-1.50|48.96|-82.76|-51.13
92|2|6.32|-28.91|38.31|-83.61|-69.41|99.76|-15.35|-70.64|-64.81|16.82|-9.92|19.50|-92.86|-64.43|-10.26|-57.32
93|1|-55.82|55.83|18.05|-59.66|20.79|-89.20|43.45|0.63|-22.70|-64.29|99.96
94|1|50.45|-50.51|-17.98|-80.75|68.06|92.08|97.63|6.18|-55.07|-30.29|79.21
95|29|-49.68|-75.71|18.71|74.50|-91.02|-5.35|-10.86|87.68|-60.40|-64.16
96|3|72.74|9.05|62.09|1.63|81.38|-74.70|-20.93|75.35|-69.09|-29.80
97|80|65.52|29.43|44.18|-53.11|-86.68|-63.01|99.52|-93.69|54.76|-69.56|11.68|98.12|99.67
98|3|-95.40|54.97|-18.81|-38.04|88.03|-31.41|3.17|-23.36|-76.15|-38.32|-33.95|-37.37|-40.03|76.20
99|46|-38.65|49.76|29.57|58.89|97.36|-89.54|88.10|64.97|-69.71|98.96
100|3|7.93|-80.75|77.12|-50.05|77.85|-51.74|68.76|22.04|-5.00|-19.79|10.99|-79.58|12.92
101|2|-23.05|-0.66|11.96|17.97|-31.63|12.13|-29.89|96.06
102|1|-96.36|21.49|31.48|-6.36|-95.31|-60.83|57.11|-65.97|-3.09|-16.38|45.54|61.64|-51.48|-17.38|49.24|-92.80
103|11|-86.66|56.33|-21.70|-63.53|63.97|-48.82|93.08|-36.44|90.70|-82.20|63.97|4.47|-54.76
104|1|-96.22|-59.57|-67.37|-84.88|23.85|63.21|81.82|72.19|14.04|99.65|-51.95|-66.61|22.49|-32.07|53.48|99.83
105|49|25.09|83.70
106|3|-56.94|62.09|-72.38|53.10|-85.44|-11.36|-28.80|-5.22|-38.37|-46.57|82.06|-85.85
107|2|-26.41|11.90|-81.21|31.17|58.59|77.39|67.68|-91.76|27.39|-93.96|73.14|-63.94|28.89|13.09
108|3|-55.37|-2.80|-98.36|-60.64|-21.23|-11.16|-27.00|70.84|-47.12|-48.98|63.91|-69.50|25.85
109|22|99.05|-63.53|-49.21|49.79|-70.69|46.19|98.42|-81.52|-29.56|-68.03|1.87
110|75|-1.08|64.71|68.24|-53.68|-3.24|-91.58|47.69|20.34|-35.93|3.21|-21.85|-9.41|48.71|-54.98
111|84|88.72|18.41|-22.00|90.62|61.01|-11.09
112|3|-15.15|-80.49|-78.16|35.40|88.40|-86.18|13.04|-88.24|-38.35|-95.33
113|31|-99.89|0.42|11.59|-55.85|-98.24|-64.96|-75.32|98.93|-30.78|-50.67|2.77|4.32|26.51114|1|-31.81|33.47|-89.21|-61.71|32.36|21.02|-11.18|4.66|-5.89|-4.87|50.85|0.99|-54.91|75.28|37.92
115|2|98.56|58.02|35.46|98.83|-48.36|-83.83|-19.62|-79.24|6.43|-40.11|68.27|-86.83|-21.75
116|3|49.84|96.72|-20.02|-28.83|-14.42|0.48|-44.29|61.53|-94.13|-77.27|-44.33|35.84|16.63
117|3|-91.40|-43.89|-6.56|60.20|33.21|-83.01|7.06|-71.85|27.40|7.76|-85.01|99.95|-58.22|17.42|-36.54
118|2|-64.57|6.52|-14.96|-52.28|25.32|-12.18|-75.12|-73.35|7.75|-96.33|33.88|-83.65|-93.49|-83.95|71.88
119|3|58.60|-50.78|-81.47|-66.37|-47.96|86.62|-46.79|36.37|46.70|-96.18|-88.60|23.12|72.86|33.42|-50.52
120|97|-32.85|95.89|28.61|56.76
121|2|-59.19|-32.70|-10.82|5.71|-62.60|52.07|41.97|-47.77|92.07|-91.19|-41.73|-25.45
122|92|42.70|-20.30|-82.91|42.00|92.06|-6.40|44.56|91.42|-80.41|-3.17|81.20|69.72|-97.30|-97.93
123|2|-20.75|-0.77|-70.55|84.84|85.42|-86.78|-99.36|7.39|75.53|-8.05|47.41|10.61
124|2|-67.21|-96.11|14.82|61.81|-78.32|-54.94|-66.64|-23.47
125|2|80.17|77.15|51.44|87.79|-75.19|-85.30|79.99|79.40|-94.42|23.24|74.20|-70.68|-52.89|-57.21|81.89|-12.75
126|30|-23.59|21.88|3.97|92.18|33.88|42.90|95.91|48.79
127|2|-12.97|0.76|25.75|-72.16|79.64|-94.97|18.67|7.12|97.10|64.78|54.46|23.38|40.90|70.60
128|3|4.28|-12.79|-87.24|14.87|89.67|-14.82|-73.45|94.58|18.14|-77.47|-56.77|-0.81|16.28|71.21|22.49
129|2|-36.80|-98.49|-20.99|-24.18|-17.29|56.12|41.43|17.31|-98.46|-97.57|-96.71|-2.59|-35.32
130|33|-3.95|19.74|90.77
131|1|44.68|68.39|-0.13|-14.02|-65.33|59.55|-7.91|-74.18|-26.67|50.79|9.55|74.19|73.34
132|2|-94.25|68.25|14.17|65.82|-87.87|-30.79|-35.89|-54.52|98.04|10.92|61.19|-81.98|-71.04|44.64
133|1|-45.06|-89.08|3.59|-81.41|86.57|58.33|6.38|-74.83|28.53|-59.57|24.49|-67.25
134|38|-50.28|-4.24|-22.38|36.80|-46.83|24.23|25.65|75.70|-67.49|-1.96|-14.77|60.53
135|1|-80.23|71.38|22.34|-29.51|-85.99|19.85|-22.66|7.38|-40.54
136|21|28.95|98.45
137|2|77.98|71.84|-8.63|-76.63|-76.20|2.05|62.02|83.47
138|1|-77.96|-63.86|9.39|25.60|-84.03|-41.21|-74.29|-40.72|-44.42|-7.75|9.28|98.60|-55.67|10.88
139|1|-59.25|-41.27|10.57|-24.84|-38.16|-67.18|-24.26|66.18|63.20|-71.36|-43.69|-66.04|-63.14|-47.50|-30.65|5.70
140|3|-33.14|81.44|53.51|96.35|21.97|25.63|-71.34|26.86
141|1|-81.29|47.29|-69.72|-28.78|-85.00|99.59|-13.98|9.33|8.09|38.28|70.80|78.92|59.26|-41.19|-32.97|47.87
142|1|61.67|93.90|39.40|93.89|21.95|-89.79|19.33|-17.05|99.51
143|67|56.34|-48.73|33.07|79.71|-16.03|-86.60|-25.70|-94.45|-31.51|36.11|86.92|39.76|-3.02|14.59|39.78|-70.50
144|1|-2.97|15.42|31.99|-18.51|44.33|-79.21|-53.39|22.61|45.10|74.51|35.21|18.95|-56.66|23.61|50.12
145|100|47.59|74.87|78.44|-30.29|-17.24|40.33|-59.97|-69.95|-36.74|0.19
146|3|74.43|-95.40|-92.18|-53.12|19.15|-11.02|42.29|-25.06|88.34|3.50|-78.13|6.86|-58.55
147|1|-17.94|-25.63|43.66|87.28|32.97|55.96|54.01|28.45
148|13|71.86|87.56|21.25|-85.29|94.62|-3.28|-97.50|-76.29|-99.06|80.46|-45.87|-24.25|64.94|-97.65
149|99|83.51|78.60|-99.79|69.61|52.29|-71.76|-3.30|-84.28
150|79|-31.91|-89.08|34.67|-73.66|64.78|1.37|42.23|93.23|-74.31|-45.86|69.29|-6.81|2.00
151|3|-34.18|44.36|7.67|57.45|-30.46|71.40|77.26|0.00|46.18|-36.14|67.36
152|1|-14.87|-73.97|-12.82|60.72|-47.24|52.72|24.38|69.94|41.29|82.38|90.85|75.35|85.43
153|2|30.41|8.59|68.34|-21.10|57.86|-92.81|79.60|-71.73|89.18|59.21|47.43|13.42|-28.32|69.98|-50.23|86.79
154|79|5.75|-30.96|20.62|43.93|-65.75
155|2|46.96|64.41|-21.46|-31.37|-29.25|-4.33|73.89|-4.43|57.90|82.77
156|91|56.78|-86.31|-2.01|26.86|-43.63|-7.26|10.52|3.75|-67.62|-88.31|1.07|37.31
157|3|-55.42|58.85|73.30|-18.23|-80.23|-64.17|-10.00|-77.20|-68.91|-58.88|30.91|89.12|35.10|-88.97|-95.44|62.03
158|2|-75.19|-15.91|59.38|-25.61|-38.89|53.06|53.85|64.85
159|20|47.34|22.19|10.20|35.08|43.02|48.01|32.87|36.63|-63.84|25.81|-21.61|29.88|92.67|58.64|87.07
160|88|23.80|26.20|-30.62|-47.64|-68.74|-86.91|33.75|52.99|34.53
161|1|5.45|-66.04|33.52|46.86|34.81|-60.19|-55.45|76.22|41.63|10.67|-85.08|-76.50|-71.77|49.45
162|1|-47.63|25.85|-41.46|-1.98|-29.55|95.66|25.08|-61.81|-25.43|50.02|43.03|-48.99|-76.71|-83.29|-24.62
163|2|37.66|-15.67|-2.33|55.02|65.16|99.14|-91.60|-94.61|-40.43|98.70|-15.58|-87.91|46.66
164|38|-64.91|16.53|49.11|85.75
165|2|7.89|-3.18|-52.69|-91.93|96.92|67.65|85.72|1.12|-28.83|-20.96|62.26
166|29|-92.57|71.11|58.34|59.20|-7.79|33.87
167|2|-97.00|-90.47|52.62|27.34|-98.51|25.79|-79.86|-58.04|-17.37|20.54|-97.42|-26.29|-74.97
168|3|-45.03|64.54|82.73|-60.07|-58.75|-85.24|-97.38|-18.60|-37.91|0.82
169|3|20.82|34.69|-42.30|76.61|2.76|-90.80|59.40|-47.03|90.47|79.20|87.45|36.77|96.35|61.35
170|24|45.81|97.22|-97.99|98.26|-47.92|83.67|45.93
171|76|-60.06|70.46|7.21|-67.84|24.16|12.40|95.00|41.84|-15.76
172|1|86.23|-30.81|5.28|-63.41|-93.09|59.33|24.53|-70.89|-93.81|-66.95|-62.80|19.58|1.26
173|1|-56.81|31.60|93.65|-67.96|-80.76|43.15|22.68|-50.71|22.71|64.22|-9.24|2.77|-37.02
174|45|-55.05|10.98|-44.72|-84.64|-24.42|44.16|-8.57|25.14|-92.88|98.60|-0.39|82.32|3.84|-38.64
175|1|-29.06|-32.02|-36.84|34.92|13.72|44.10|-78.98|95.80|-33.63
176|2|-50.37|86.31|41.57|-67.59|-66.91|-74.84|-81.61|58.38|-84.81|-90.94|-96.18|-81.46|87.71|-29.60|58.69
177|3|6.08|-74.69|-9.13|67.87|-4.14|-68.76|-31.31|-81.76|-94.29
178|21|13.94|93.47|61.15|-15.97
179|2|-36.02|78.20|92.05|4.22|-17.22|97.78|-84.03|-38.44|68.09|-77.07|-37.55|-89.96|32.45|70.13
180|44|-69.36|9.18|62.76|-91.68|-74.47|-61.26|-18.66|41.56|-61.79|-46.38|-22.35|-80.04|50.94
181|2|-19.30|-78.09|70.05|-49.91|-6.07|52.76|-81.49|68.57|-89.45|26.27|13.24|42.95|62.67|-75.05|87.64
182|3|-6.37|-25.50|-72.85|-60.91|-66.97|-66.38|76.15|-22.04|-39.23
183|1|95.19|-78.55|28.64|-7.71|-58.68|81.15|51.35|88.09|-66.26|-60.09|45.58|17.21|-66.29
184|2|17.56|-17.67|-28.87|-72.86|57.89|-9.77|74.53|-95.89|83.05|82.13|89.37
185|3|63.72|49.35|90.17|-82.41|-86.55|41.04|-29.48|-53.35|-23.90|-45.77|18.61|15.66|-33.99|-72.26|-35.19
186|3|40.02|-71.46|36.26|28.31|32.31|-5.76|-6.34|13.01|25.45|-35.75|44.55|-99.79|-70.31
187|3|-63.91|-88.10|-35.97|35.54|40.40|93.64|33.03|-91.89
188|3|-10.62|69.63|89.18|-92.64|-88.98|72.92|61.94|94.04|26.60|84.93|22.17|-30.37|-95.98|90.01|-46.77|-70.09
189|3|-59.56|33.57|-53.14|-27.86|-47.42|28.23|-88.61|60.22|-67.22|-27.39|12.70|97.52|97.68|86.66
190|1|-11.86|-64.05|-50.14|-13.02|-84.68|65.04|-86.65|-41.88|-43.27|-75.51|80.62|73.88
191|2|-0.59|-51.35|39.09|-28.41|23.33|-22.55|83.70|90.22|-10.18|-20.31|68.02|68.53|55.03|-7.50|-85.44
192|3|-95.52|-84.50|-16.60|31.80|12.73|80.45|70.07|90.37|60.49|35.29|-51.60|40.52|13.55|-81.02|-3.98
193|2|-36.35|51.67|70.34|98.20|-6.46|-89.88|84.61|87.39|45.94|50.63|-0.60|17.90|39.56|49.80
194|3|60.31|-16.35|-85.87|-63.95|57.93|-84.36|52.26|28.31|2.74
195|3|-66.40|95.34|-61.11|74.56|-59.57|-55.29|64.04|29.29
196|11|-95.36|-3.81|-98.96|98.28|-38.43|-84.36|99.84|-55.42|-37.41
197|79|-93.51|10.09|-87.66|7.22|32.96|75.43|-64.13|32.00
198|1|44.34|23.87|-20.02|-9.72|-94.46|81.46|-87.03|-53.13|-41.02|62.49|-23.71|-61.21|94.25|48.22|13.15
199|2|53.21|-36.95|68.72|-20.76|-21.84|3.95|-17.55|-26.81|4.04|19.00|49.46|-22.85|3.19
200|1|24.53|-52.80|46.20|66.22|-29.55|-71.99|-65.05|-48.78
201|61|-16.72|-74.86|-69.08|7.31
202|2|-17.89|63.88|-76.08|38.60|46.56|-30.07|-7.96|34.84|32.72|41.72|85.30|-82.48|-99.10|29.57
203|2|-85.64|28.85|-51.20|-87.39|28.92|27.13|85.63|-22.89|28.29|74.95|-67.35
204|2|99.21|-72.62|-91.38|-59.71|-40.54|16.92|34.98|39.50
205|3|79.56|-60.41|-10.32|-13.94|-48.28|-22.24|25.66|6.80|-94.60|67.55
206|2|82.25|19.12|-55.61|-98.19|-63.27|98.91|49.41|-89.58|-7.71|8.83|-58.64|24.11|-58.71|-21.83|18.09
207|3|-97.52|-41.20|95.16|-88.09|-54.00|22.54|-78.97|80.81|83.65|65.26|-55.13|-92.25|81.34|88.66|-60.74
208|73|54.27|-15.56|-85.25|72.06|-72.58|26.50|-51.84|29.75|36.00|-10.15|75.38|-62.04|76.81|87.00|46.34|-8.69
209|68|-13.28|47.92|89.79|-28.72|-85.35|-28.55|80.77|-46.92|-99.36
210|1|-89.41|-15.28|-15.75|-89.64|-51.42|-91.22|-31.10|-53.07|-66.07|19.23|-26.87
211|92|-19.89|2.26|68.41|-78.53|51.56|-21.08
212|3|-63.06|7.56|-22.04|3.87|-95.45|-35.35|27.26|48.54|-81.07|96.88|12.52|42.83|-43.51
213|3|48.00|52.89|-92.83|23.19|-85.06|-26.73|-95.77|-19.57
214|83|-58.40|-9.01|-97.84|-60.85|72.76|-88.29|40.34|-49.94|-41.45|-34.28|14.14|-65.25|76.94|-55.58|93.22|-43.67
215|3|-8.26|-23.44|48.95|-66.76|41.54|3.34|99.40|31.05|-14.86|6.79
216|2|59.67|-62.03|-99.27|12.42|-82.43|-95.27|41.99|32.06|86.96
217|34|51.18|36.35|-84.74|89.29|7.29|95.58
218|94|31.01|-62.62|-57.32|96.58|-75.05|11.95|-39.40|-11.66|-55.49|49.70|38.54|-37.77|58.32|-52.53|-63.35
219|2|-73.02|11.24|41.82|-78.43|97.10|-99.91|12.85|4.95|-36.90|56.22|-27.22
220|1|-81.47|19.71|-65.70|-40.07|44.25|70.45|-88.53|43.79
221|3|-59.77|74.12|-16.41|28.28|98.56|-32.40|48.77|97.72|-71.63|93.08|53.76|-45.54
222|1|-48.43|-94.61|76.93|-40.18|37.44|-17.43|-69.01|-88.08|-1.76|-87.29
223|2|-14.29|82.91|-33.16|-93.15|31.59|-53.85|-51.16|-74.03|92.79|90.58|-94.74|6.59|2.84|12.92|60.81|92.21
224|1|31.72|70.71|28.48|-79.30|-80.58|-61.67|72.62|64.71|-74.54|30.90|62.80|46.85|99.55|40.01|-83.31
225|3|-70.33|64.63|23.11|50.56|-51.65|-60.71|5.76|-1.62|-24.66|60.84|0.73|80.27|35.76|-82.59
226|2|4.32|-70.29|28.32|-28.76|71.62|-13.89|40.05|-11.15|42.60|-40.52|-76.06|81.56
227|80|-10.03|66.07|29.18|34.26|64.38|-48.91|-96.45|-48.09|-15.00|-8.96|-81.68|-36.78|59.58
228|3|-43.87|79.57|11.83|69.28|39.70|-15.85|62.98|-2.72|-90.53|-69.56
229|3|11.44|9.13|-41.71|91.65|31.66|55.24|58.98|-14.57|89.93|39.88
230|65|-58.05|-64.16|-88.00|-83.69|-91.44|89.74
231|1|-63.16|74.40|29.98|-79.04|91.99|8.45|-58.03|10.18|-76.78|69.38|26.32|98.07
232|73|-65.79|59.64|3.65
233|2|-85.59|-60.69|-44.79|60.02|99.79|-78.49|70.08|19.22|-3.20|-4.00
234|58|-88.14|30.07|-76.30
235|12|71.70|-76.10|31.28|-34.98|-23.90|61.89|-29.86|26.73|-72.21|-38.37|-33.62
236|2|75.52|6.62|88.63|93.39|52.17|-25.25|-54.71|-82.50|78.14|8.49
237|1|69.09|-56.57|3.73|-10.41|-19.64|-97.11|-44.33|99.04|57.03|-8.48|54.43|-6.01|62.50
238|2|-57.58|-40.92|-50.28|-80.33|-36.01|49.63|-59.33|99.97
239|2|36.25|89.89|-27.39|-55.43|-28.53|-0.71|35.54|91.03|31.45|-57.69|78.36|-98.61|-60.98|17.54
240|3|55.00|92.82|80.44|94.90|1.77|36.72|0.36|-4.87|22.19|-92.37|82.51|-81.49
241|1|33.32|-20.47|91.41|98.37|-58.55|-17.61|-2.22|4.25|-24.16|91.21
242|1|67.14|-1.64|93.78|42.38|-22.13|-24.08|-49.12|-46.08
243|3|89.02|7.65|-69.32|-78.47|-54.58|-43.55|-69.97|48.96|-69.55|56.39|61.76|-65.07|61.15|88.16|58.66
244|1|70.53|40.35|-30.76|-69.45|44.57|-11.99|-61.87|-96.59|-86.45
245|2|-45.86|-10.90|-43.22|-98.91|-3.52|5.72|96.78|65.74|96.82|-92.82|-35.56|-53.61|19.62|-86.77
246|53|-0.40|31.21|0.67
247|1|5.00|63.44|67.34|-78.02|88.10|62.21|-24.55|3.93
248|1|75.00|66.39|64.40|-82.66|-8.82|24.69|86.91|-9.35|82.89|-86.08|-18.12|-17.43
249|3|81.02|51.23|88.67|-91.53|-23.10|-97.67|-37.52|-63.09|72.23|19.29|62.85|-64.21|12.91|50.41
250|83|-27.29|76.29|-32.03|89.56|9.43|11.35|-45.00|30.91|58.81|39.01|-1.92|65.71|-96.96|-88.30
251|23|-6.48|42.48
252|3|-39.72|3.48|-18.36|35.56|97.65|-71.53|83.28|-46.50
253|3|-27.01|17.67|-96.28|-9.55|-63.28|21.41|-28.43|38.78|0.97
254|3|69.41|-90.27|-1.42|-22.00|-18.59|88.80|1.60|70.46|87.10|-10.19|70.90|-65.23|51.46|-62.03|-65.48|37.52
255|2|-79.19|-31.64|74.60|-3.69|-64.36|47.05|7.35|22.83|95.30|62.24|-64.22|16.18
256|3|17.43|-35.93|94.16|-5.59|94.46|-81.18|-12.74|2.05|50.49|8.26|69.94|88.73
257|2|-19.46|-44.92|57.53|-18.64|66.63|-89.64|-62.04|-58.15|-62.99|-60.63
258|1|4.16|-82.18|-25.08|-48.19|-27.45|53.92|-84.70|77.69|-95.06|-15.73
259|1|92.15|11.53|87.30|29.78|-18.84|44.05|48.05|-99.12|-95.25
260|3|91.81|60.15|-59.29|83.43|-92.22|-69.38|-91.30|52.59
261|2|66.07|-70.98|65.95|-26.88|-92.00|36.17|70.89|3.50|-12.84
262|1|65.88|-50.49|42.59|66.89|28.01|40.51|-27.19|-16.21|-28.37|-87.07|-59.76|3.01|-99.48|91.58|5.40|91.77
263|3|-60.62|-54.53|-22.46|-76.06|-39.25|-24.24|52.39|-77.43|88.41|-74.23|-66.94|40.13|-39.62
264|6|-95.24|-57.09|4.23|-82.65|58.82|-52.37
265|3|24.53|68.94|-90.44|6.29|94.35|48.48|30.85|-29.66|32.25|78.83|82.49
266|3|-79.11|-18.45|-74.69|-54.95|-22.36|45.84|-60.14|-56.80
267|3|49.03|99.68|-98.20|-13.80|-33.06|42.97|38.02|-41.94|-27.99|96.52|38.91
268|3|-3.24|67.10|-19.01|-90.74|40.90|-29.59|-35.41|15.94|2.08|70.16|-95.45|-52.96|-52.31|-81.42|-74.97
269|3|75.81|14.69|38.96|-58.91|-85.41|-57.95|9.41|58.93|38.44|41.61
270|3|-31.44|-29.32|83.75|24.81|85.90|91.96|24.08|1.00
271|66|-57.69|-5.18|18.68|54.00|-7.70|-87.53|16.39|-34.42|-7.97|17.36|-72.73|-91.47|-54.61|-61.17
272|1|-83.81|39.82|-23.15|70.57|52.52|-17.36|-74.03|-6.77|-78.74|-51.37|-76.34|58.68|-77.32|-55.17
273|95|46.01|-98.01
274|2|-44.33|36.38|-34.69|-30.02|-26.30|81.63|-75.35|27.61
275|1|-64.00|51.21|93.96|-31.43|46.03|46.50|-35.16|-64.50|14.07|30.73|-80.00|92.59|-70.95|26.95
276|1|-23.84|-33.58|-11.50|-48.03|-48.21|-69.90|72.37|-67.56
277|1|91.06|20.88|5.50|-10.71|17.91|75.42|63.97|77.98|56.07|-59.50|-23.50|70.74|26.15
278|2|-41.79|-97.24|-82.02|65.78|-8.37|62.31|42.15|6.27|-31.89|16.84|-62.74|-64.32|97.96|39.00
279|1|-0.71|-29.59|-21.62|-85.91|7.32|21.05|93.91|89.53|64.03
280|1|37.04|-43.07|-41.10|11.58|-59.13|-17.01|84.27|-47.15|81.39|76.12|60.03|92.59|-48.93|67.26|17.42
281|2|-95.33|-97.04|-96.80|-28.58|-47.61|-15.89|95.48|-45.77
282|1|-67.94|29.54|-52.36|63.82|-54.65|47.63|10.53|-65.50
283|3|73.38|61.35|85.35|35.03|-39.98|7.40|30.09|-70.19|-58.59|-39.31
284|2|-58.54|3.52|-44.40|-14.18|-28.72|53.24|-67.03|-73.67|41.66|93.09|47.07|99.23|-64.62|-45.67
285|2|-42.80|51.63|92.11|97.05|56.76|-33.76|95.56|-61.17
286|31|-12.27|81.79|-8.68|-79.71
287|2|31.73|-96.01|-23.60|81.37|44.60|-40.03|25.90|93.08|68.98|67.62|51.92|-39.64|31.22
288|1|77.15|-17.59|51.82|39.01|54.37|67.26|33.36|61.33|20.11|64.96|-96.10|32.94|9.63|-77.88|-11.68|-4.21
289|83|-26.95|71.74|-80.00|15.49|20.81|81.36
290|1|-37.09|-19.32|0.73|1.81|-87.90|70.95|-80.15|72.50|-46.25|-94.67|-37.11
291|1|86.33|-43.29|27.40|59.44|-14.29|-57.98|-17.46|64.25|-37.46|75.82|-55.41|-9.42|-25.48|99.93
292|3|-94.08|-19.36|84.39|-4.71|86.66|-95.15|54.64|12.26|81.47|22.72|-94.38|39.84|-40.23
293|2|85.84|89.36|84.50|86.31|-60.63|75.39|93.80|-7.83|-52.81
294|1|99.79|-23.59|-86.53|69.25|-73.27|62.41|16.50|-9.35|-95.41|-27.83|41.90|50.85|93.03|-81.81
295|3|-98.39|-70.09|-51.07|52.83|-46.15|95.46|-41.47|-43.07|49.65|-96.32|-63.76|32.97|69.72
296|3|8.68|-35.06|-9.20|88.50|-11.03|-6.45|-51.61|15.42
297|8|67.10|21.90|-56.21|-49.70|-73.42|-95.57
298|27|31.11|62.60|-70.39|4.86|-18.97|87.35|-86.03|-18.37|-71.04|-2.53|-95.16|-29.79|54.52
299|83|84.03|-24.81|65.18
300|3|-11.43|16.21|-62.88|-90.76|81.27|-43.32|-19.40|-31.05|80.95|59.43|-69.27|-26.04
301|13|-96.04|93.96|63.26|33.46|1.16|-70.96|50.85|49.02|-49.59|76.65|-1.28|-76.77|-28.99
302|3|-54.02|-66.70|-1.14|-40.11|-26.70|66.78|16.68|-25.24|76.58|73.53|82.68|61.88|97.43|2.02|95.87
303|2|45.71|-80.91|-99.13|56.10|-29.83|78.08|-67.47|-34.45|-87.44|-19.72|35.05|-70.50|45.09|-16.09
304|1|-13.03|34.19|-84.29|-57.20|-55.70|-59.40|74.46|-1.60|-30.32|82.15|88.53|42.88|75.06|-72.76
305|1|-52.65|-65.70|67.12|-50.50|75.20|-61.82|74.28|91.82|-74.46|25.45|-26.97|-94.57|84.44
306|1|65.26|96.27|21.64|-78.96|-38.03|76.01|-20.40|81.32|16.20|-26.28|-7.17|86.82|-89.16|84.00|57.11
307|2|97.33|47.58|-49.60|-82.42|-78.04|-42.94|-57.63|16.49|-23.74|-22.08|-10.63
308|89|20.50|-93.39|-25.58|-39.36|58.05
309|2|45.82|-25.65|-72.05|86.02|30.63|-1.09|17.26|14.30|18.49|95.17|12.52|-57.22|-31.52|80.70|3.93|33.87
310|61|18.61|-45.40|49.18|48.75|63.91
311|2|-62.85|-10.00|-64.36|0.44|-22.00|-90.35|41.33|64.85
312|29|43.96|40.12|-16.81|-39.41|51.63|-27.74|16.18
313|40|-68.04|-29.76|-37.98|68.85
314|1|-1.10|76.71|60.00|55.31|-68.62|-88.34|5.57|-60.93
315|3|-98.93|-15.38|2.11|61.13|88.14|-55.68|81.70|-83.92|-4.53|79.51|-91.09|-88.82
316|3|85.80|4.72|50.29|67.04|55.73|16.06|29.56|68.21|49.49|21.66|76.00|-14.06|-63.15
317|3|70.33|26.64|56.72|80.59|7.84|8.90|88.73|8.63|28.52|5.79|19.44|-1.68|39.62|-27.59|81.34|37.59
318|2|98.23|28.56|5.09|36.11|-75.42|-43.13|29.55|84.90|72.23|70.75|-36.64|-31.82
319|2|-80.55|82.94|93.61|42.13|-19.67|-71.37|-93.81|42.98|-16.39|-28.46|65.65|-9.10|-56.21|-7.99|10.58|60.64
320|83|-41.23|-24.99|-56.36|5.16
321|1|-17.66|-9.16|-87.36|47.85|-52.77|36.05|53.09|91.13|50.88|18.02|-94.24|71.83|-52.15
322|1|36.35|-50.88|-37.78|10.98|-42.39|-7.45|3.38|92.17|-28.55|-99.04
323|3|-63.15|71.50|52.39|-4.00|-34.74|-67.63|80.78|59.26|-31.39
324|3|75.60|-29.85|-29.37|19.97|-99.01|-77.58|-80.63|-66.67|-33.96|53.79|97.97|-72.02
325|93|-36.80|14.84|97.89|-81.25|85.20|-48.59|-90.56|1.59
326|3|-94.60|39.02|-24.82|49.81|-16.75|-49.55|-35.75|-64.55
327|3|-63.40|-61.75|-29.35|-30.99|33.65|67.12|81.27|41.02|-52.61|59.83|-44.33|40.78|67.35|81.02|-16.52
328|34|1.90|10.75|-78.29|94.16|19.79|70.95|44.44|84.46|16.95|37.68|-87.78|-9.81|77.92|97.28|-92.49|80.16
329|66|7.58|86.48|97.19|-64.07|-31.95|-30.82|50.47|-63.32|-35.54
330|21|-65.95|-24.99|59.74|-33.54|-27.57|-86.79|29.05|-45.15|-65.00|55.95|0.61|53.03|-19.20|-24.73|56.06|-52.20
331|1|-17.59|58.12|30.81|-24.02|80.20|-25.66|-38.01|98.84|40.55|-27.70
332|3|-1.33|-49.12|-46.61|71.62|-39.04|-59.27|-74.94|11.01|72.62|-66.77|88.80|-45.36|-18.26|-43.72|2.60|37.66
333|2|43.48|-29.07|-16.58|-11.22|-17.19|65.24|39.99|-8.21|18.30|88.75
